92411 96415 费用为： 483.5999999999992
97380 60551 费用为： 443.4999999999994
78295 48262 费用为： 316.99999999999943
70121 27677 费用为： 240.69999999999956
98440 65896 费用为： 233.64999999999964
90359 52497 费用为： 222.9499999999996
99001 95783 费用为： 214.79999999999987
97391 99665 费用为： 212.7999999999995
97385 70012 费用为： 206.1999999999996
90088 09624 费用为： 202.84999999999982
94480 64700 费用为： 198.09999999999985
97406 74488 费用为： 197.0499999999996
90359 79636 费用为： 192.59999999999965
90084 16988 费用为： 183.69999999999965
90355 94399 费用为： 174.9999999999998
94489 72078 费用为： 172.7499999999996
94497 44333 费用为： 167.5999999999997
97421 07528 费用为： 165.79999999999967
87146 31956 费用为： 165.1999999999999
90352 50054 费用为： 163.39999999999972
90366 69257 费用为： 156.7999999999998
90365 51029 费用为： 154.09999999999974
90351 35947 费用为： 149.39999999999984
93412 66159 费用为： 145.79999999999976
92414 22596 费用为： 144.84999999999985
81522 26166 费用为： 144.34999999999994
90368 72970 费用为： 143.3999999999998
92424 51984 费用为： 143.04999999999984
98454 07778 费用为： 139.5999999999998
93427 56500 费用为： 139.54999999999993
97390 23922 费用为： 139.19999999999985
98444 95768 费用为： 137.59999999999988
78295 60375 费用为： 137.19999999999973
97424 21092 费用为： 136.49999999999972
99612 41256 费用为： 134.94999999999993
78138 56841 费用为： 134.6999999999997
97424 53609 费用为： 133.09999999999974
77956 90632 费用为： 132.45
94482 95223 费用为： 129.3999999999999
74066 93594 费用为： 126.74999999999987
97447 92655 费用为： 124.4999999999999
93432 65750 费用为： 122.09999999999997
97399 92703 费用为： 117.19999999999999
97403 09983 费用为： 115.99999999999986
98446 66723 费用为： 114.09999999999992
90192 87313 费用为： 112.4999999999999
(080)33251027 费用为： 109.50000000000001
90194 00845 费用为： 105.29999999999993
97424 22395 费用为： 104.99999999999999
98453 46196 费用为： 104.75
92415 91418 费用为： 104.54999999999988
(080)45291968 费用为： 104.25000000000003
94488 97308 费用为： 103.7999999999999
90087 42537 费用为： 100.59999999999997
98446 78140 费用为： 97.19999999999986
94497 77615 费用为： 96.94999999999992
99003 88572 费用为： 94.89999999999998
94006 62384 费用为： 93.54999999999986
90356 11723 费用为： 91.84999999999995
95267 70383 费用为： 90.85
99007 06998 费用为： 89.34999999999998
90083 59148 费用为： 87.24999999999989
98454 90038 费用为： 87.1
94491 55790 费用为： 86.59999999999988
94492 23068 费用为： 86.49999999999983
81520 43406 费用为： 85.24999999999989
90197 69887 费用为： 85.09999999999991
97425 92186 费用为： 84.29999999999994
97403 49292 费用为： 82.69999999999993
97414 62784 费用为： 81.59999999999994
95262 44233 费用为： 81.29999999999994
93434 31551 费用为： 80.79999999999995
81525 12041 费用为： 79.99999999999997
97406 06245 费用为： 79.69999999999997
97385 29751 费用为： 79.44999999999997
78295 65598 费用为： 78.09999999999984
(080)47459867 费用为： 77.0
97386 37259 费用为： 76.19999999999996
99009 32475 费用为： 75.44999999999993
90198 03659 费用为： 75.09999999999998
81510 47188 费用为： 73.49999999999999
(080)62164823 费用为： 73.25000000000003
(022)38214945 费用为： 71.40000000000002
97415 99182 费用为： 70.49999999999999
97449 50000 费用为： 69.79999999999997
(080)43562014 费用为： 69.20000000000002
92428 82401 费用为： 67.89999999999999
98458 13389 费用为： 67.49999999999994
94495 34273 费用为： 67.09999999999998
84311 10322 费用为： 66.89999999999996
70129 62374 费用为： 65.39999999999995
(080)34121098 费用为： 65.10000000000001
92423 51078 费用为： 64.8
90193 20957 费用为： 63.99999999999995
90197 24124 费用为： 63.70000000000001
(04344)228249 费用为： 63.64999999999999
97416 29480 费用为： 62.09999999999993
(080)35121497 费用为： 61.499999999999986
90366 36573 费用为： 61.199999999999946
97416 17124 费用为： 60.39999999999995
99003 47921 费用为： 59.499999999999986
74066 31484 费用为： 59.29999999999998
90082 61126 费用为： 59.29999999999998
81524 55552 费用为： 59.19999999999996
95269 20533 费用为： 59.099999999999966
90365 06212 费用为： 58.95
(04344)322628 费用为： 58.94999999999999
98448 87878 费用为： 57.64999999999998
98440 68457 费用为： 55.79999999999999
78132 18081 费用为： 55.099999999999994
99004 86250 费用为： 54.99999999999999
97389 12538 费用为： 54.6
78298 91466 费用为： 54.099999999999994
81513 30231 费用为： 53.699999999999996
(0471)2953539 费用为： 53.64999999999999
98444 72482 费用为： 53.49999999999997
(080)43685310 费用为： 53.199999999999996
(04344)649705 费用为： 53.099999999999994
89078 69605 费用为： 52.89999999999994
84312 48999 费用为： 52.8
90355 10919 费用为： 52.55
94001 07403 费用为： 51.09999999999999
93422 47940 费用为： 50.79999999999991
93418 41992 费用为： 50.499999999999886
94487 29969 费用为： 50.299999999999955
(080)46304537 费用为： 48.900000000000006
(080)60068611 费用为： 48.45
(022)34715405 费用为： 48.449999999999996
(080)45547058 费用为： 48.14999999999999
94005 20878 费用为： 48.00000000000001
98449 60656 费用为： 47.899999999999906
93423 23000 费用为： 47.49999999999989
78136 42599 费用为： 46.5
(080)35538852 费用为： 45.899999999999984
94499 38099 费用为： 45.79999999999999
(080)35986130 费用为： 45.449999999999996
(044)41581342 费用为： 45.300000000000004
93415 21881 费用为： 44.94999999999999
96566 40412 费用为： 44.300000000000004
97422 22278 费用为： 44.150000000000006
(080)35987804 费用为： 43.75
94001 62063 费用为： 43.650000000000006
97427 87999 费用为： 43.35
78293 38561 费用为： 43.2
94485 80091 费用为： 43.09999999999999
93428 11808 费用为： 42.800000000000004
99610 89720 费用为： 42.79999999999997
98457 75681 费用为： 42.300000000000004
(080)68104927 费用为： 41.99999999999999
(022)66911540 费用为： 41.900000000000006
93410 98013 费用为： 41.89999999999992
97429 02055 费用为： 41.800000000000004
(080)32390650 费用为： 41.800000000000004
(0471)6537077 费用为： 41.54999999999999
93412 26084 费用为： 41.4
(044)30727085 费用为： 41.4
(022)39006198 费用为： 40.949999999999996
93432 24657 费用为： 40.49999999999999
92425 27794 费用为： 40.499999999999986
81515 65055 费用为： 40.19999999999996
78299 99223 费用为： 40.09999999999997
(0821)6141380 费用为： 39.650000000000006
94489 95536 费用为： 39.599999999999945
(080)25863765 费用为： 39.550000000000004
(040)26738737 费用为： 39.10000000000001
98447 62998 费用为： 38.54999999999999
77950 18278 费用为： 38.299999999999976
97386 20071 费用为： 38.04999999999998
90197 38885 费用为： 37.8
97418 46131 费用为： 37.75000000000001
98441 32533 费用为： 37.599999999999966
(044)69775060 费用为： 37.2
(080)32638303 费用为： 37.2
84313 80377 费用为： 36.9
97410 27512 费用为： 35.55
96569 95359 费用为： 35.45000000000001
95264 40233 费用为： 35.39999999999999
81519 62015 费用为： 35.09999999999998
90359 91512 费用为： 35.09999999999994
98452 19037 费用为： 34.99999999999998
93418 82576 费用为： 34.89999999999999
78298 02848 费用为： 34.699999999999996
93426 76415 费用为： 34.04999999999999
89071 50880 费用为： 33.9
98447 12671 费用为： 33.899999999999984
(080)21697299 费用为： 33.6
(033)25441815 费用为： 33.55
95266 42732 费用为： 33.45
(044)27641880 费用为： 33.449999999999996
(044)25144377 费用为： 33.15
(080)45687418 费用为： 32.9
94499 20763 费用为： 32.69999999999997
(080)49328664 费用为： 32.65
(080)20123809 费用为： 32.55
(080)30270642 费用为： 32.400000000000006
(080)31606520 费用为： 31.95
(022)21884607 费用为： 31.949999999999996
(080)32647101 费用为： 31.65
81513 36123 费用为： 31.65
(080)22816760 费用为： 31.5
97393 04671 费用为： 31.49999999999994
98440 02823 费用为： 31.399999999999995
90192 30758 费用为： 31.349999999999998
81517 73746 费用为： 31.29999999999997
97419 41164 费用为： 30.799999999999986
90355 49499 费用为： 30.749999999999996
(080)39991213 费用为： 30.599999999999998
(080)21129907 费用为： 30.449999999999996
78130 00821 费用为： 30.40000000000001
97406 93118 费用为： 30.349999999999998
92421 09526 费用为： 30.09999999999999
90351 49472 费用为： 30.000000000000007
(080)20383942 费用为： 29.999999999999996
97414 97237 费用为： 29.949999999999992
94486 40312 费用为： 29.70000000000001
(080)32255824 费用为： 29.499999999999996
95263 76972 费用为： 29.400000000000002
99006 60463 费用为： 28.799999999999997
(080)23802940 费用为： 28.650000000000002
(080)68739140 费用为： 28.650000000000002
97385 35042 费用为： 28.599999999999984
98453 94494 费用为： 28.500000000000004
(044)24037112 费用为： 28.5
(044)48154960 费用为： 28.050000000000004
90193 16567 费用为： 28.05
78136 54214 费用为： 27.749999999999996
96565 52272 费用为： 27.6
94489 82688 费用为： 27.599999999999994
93430 54160 费用为： 27.45
98445 42844 费用为： 27.449999999999978
93435 21961 费用为： 27.199999999999985
87140 67779 费用为： 27.1
(044)49868415 费用为： 26.849999999999998
90196 73585 费用为： 26.7
(080)64765396 费用为： 26.55
90193 61937 费用为： 26.400000000000002
99002 80226 费用为： 26.4
98442 33257 费用为： 26.299999999999997
(080)48462898 费用为： 26.1
(0824)6366719 费用为： 25.799999999999997
78993 89387 费用为： 25.799999999999997
(022)47410783 费用为： 25.65
(080)46772413 费用为： 25.599999999999998
74064 66270 费用为： 25.349999999999998
(044)27523585 费用为： 25.199999999999996
(080)40929452 费用为： 24.9
(080)30231886 费用为： 24.899999999999995
93416 07259 费用为： 24.599999999999998
98448 86633 费用为： 24.599999999999998
98453 86521 费用为： 24.599999999999962
84314 00609 费用为： 24.399999999999995
(080)43215621 费用为： 24.300000000000004
(022)22288051 费用为： 24.3
(080)41336994 费用为： 24.3
87144 42283 费用为： 24.2
97425 79921 费用为： 24.150000000000002
90199 67471 费用为： 24.1
(080)32828889 费用为： 24.0
78133 71458 费用为： 23.9
(044)45416964 费用为： 23.699999999999996
(080)41712046 费用为： 23.55
97446 95253 费用为： 23.500000000000007
92426 72402 费用为： 23.500000000000004
(080)32679828 费用为： 23.400000000000002
(080)46702492 费用为： 23.3
93435 98939 费用为： 22.900000000000006
70127 59322 费用为： 22.900000000000002
(040)69695864 费用为： 22.799999999999997
(080)39755879 费用为： 22.700000000000003
93420 59147 费用为： 22.499999999999986
(040)66729318 费用为： 22.45
90359 99240 费用为： 22.299999999999986
93428 98469 费用为： 22.2
89071 31755 费用为： 22.100000000000005
98445 85687 费用为： 21.8
78293 91304 费用为： 21.700000000000003
84319 52539 费用为： 21.15
97416 18084 费用为： 21.15
(0824)2022081 费用为： 21.15
97393 52893 费用为： 21.15
92421 64236 费用为： 21.04999999999999
90361 52679 费用为： 21.00000000000001
(022)28952819 费用为： 20.999999999999996
(04546)267875 费用为： 20.9
(08214175)358 费用为： 20.85
(080)37913009 费用为： 20.85
(0471)2225098 费用为： 20.85
(080)69245029 费用为： 20.5
83019 39880 费用为： 20.099999999999994
98444 63396 费用为： 19.95
(022)30044349 费用为： 19.95
90362 07317 费用为： 19.899999999999977
(080)22759842 费用为： 19.1
(04344)615310 费用为： 19.05
78290 99865 费用为： 18.800000000000004
(044)49481100 费用为： 18.8
(080)44046839 费用为： 18.400000000000002
(080)34932254 费用为： 18.299999999999997
(080)29483476 费用为： 18.299999999999997
(080)67362492 费用为： 18.2
(080)66955387 费用为： 18.15
(0821)4753474 费用为： 18.099999999999998
97419 90520 费用为： 18.0
(022)62120910 费用为： 17.85
97420 86635 费用为： 17.799999999999997
(080)64819785 费用为： 17.7
74298 85702 费用为： 17.699999999999996
(080)20227149 费用为： 17.499999999999996
98442 73671 费用为： 17.4
97403 88244 费用为： 17.4
78133 10302 费用为： 17.399999999999984
97380 86781 费用为： 17.349999999999994
93427 40118 费用为： 17.249999999999996
(0821)3602212 费用为： 17.1
98448 88411 费用为： 17.099999999999998
(080)61123756 费用为： 17.05
(080)29435303 费用为： 17.0
(080)60062475 费用为： 16.95
77956 55474 费用为： 16.799999999999997
(080)64431120 费用为： 16.75
98445 27876 费用为： 16.650000000000002
(022)46574732 费用为： 16.5
92415 66985 费用为： 16.499999999999996
(080)41095396 费用为： 16.499999999999996
87149 75762 费用为： 16.4
(080)31982490 费用为： 16.35
(022)40840621 费用为： 16.2
94499 46077 费用为： 16.0
78135 69048 费用为： 15.750000000000002
78138 93826 费用为： 15.700000000000003
(080)60463379 费用为： 15.6
(040)34008657 费用为： 15.6
78136 65840 费用为： 15.599999999999996
90199 91061 费用为： 15.59999999999999
(080)69150162 费用为： 15.450000000000001
97442 45192 费用为： 15.45
(080)40362016 费用为： 15.0
74065 10917 费用为： 14.900000000000002
98444 42212 费用为： 14.89999999999998
(080)24444677 费用为： 14.75
97402 57057 费用为： 14.699999999999998
(04546)388977 费用为： 14.549999999999999
90085 20915 费用为： 14.4
(080)21652896 费用为： 14.3
(080)41203315 费用为： 14.2
92413 38675 费用为： 14.199999999999982
(080)66044294 费用为： 14.1
(080)61419142 费用为： 13.999999999999998
(04344)316423 费用为： 13.799999999999999
(04546)218519 费用为： 13.75
74292 23928 费用为： 13.35
97404 90013 费用为： 13.35
98440 71648 费用为： 13.349999999999998
83015 22251 费用为： 13.200000000000001
(022)44927512 费用为： 13.2
90194 08626 费用为： 13.050000000000002
(044)38044356 费用为： 13.000000000000002
98445 33687 费用为： 12.999999999999996
(080)49796269 费用为： 12.7
97384 69866 费用为： 12.399999999999995
(0821)3537229 费用为： 12.3
98458 94162 费用为： 11.850000000000001
(080)69609453 费用为： 11.6
(080)26097534 费用为： 11.500000000000002
(022)45444747 费用为： 11.4
(080)62963633 费用为： 11.4
78295 20931 费用为： 11.25
98444 16192 费用为： 11.1
(080)44076727 费用为： 10.8
97395 95120 费用为： 10.399999999999995
(080)69104549 费用为： 10.299999999999999
98459 20681 费用为： 10.15
(080)62342282 费用为： 10.15
(080)63623429 费用为： 10.05
(022)69042431 费用为： 9.9
(080)65023950 费用为： 9.75
(080)46221576 费用为： 9.749999999999998
97448 02140 费用为： 9.450000000000001
(080)44357306 费用为： 9.45
(0821)4816394 费用为： 9.0
81515 42171 费用为： 8.899999999999993
94490 65627 费用为： 8.700000000000001
(04344)211113 费用为： 8.600000000000001
(080)69564399 费用为： 8.549999999999999
(0471)4255177 费用为： 8.549999999999999
97426 64618 费用为： 8.4
(080)60998034 费用为： 8.399999999999999
(022)68535788 费用为： 8.100000000000001
(0471)6579079 费用为： 8.100000000000001
(080)44050207 费用为： 8.1
94002 85593 费用为： 8.1
(080)66857551 费用为： 7.999999999999999
(0824)2145844 费用为： 7.949999999999999
(040)36649724 费用为： 7.699999999999999
(080)46566171 费用为： 7.6
97425 12708 费用为： 7.599999999999989
(044)30360652 费用为： 7.5
(04344)617351 费用为： 7.5
78134 03625 费用为： 7.4
1409994233 费用为： 7.2
(011)68486606 费用为： 7.2
98456 86153 费用为： 7.199999999999999
(080)44389098 费用为： 7.000000000000001
92414 69419 费用为： 6.8999999999999995
84319 39746 费用为： 6.899999999999997
(022)28765220 费用为： 6.75
(022)60273083 费用为： 6.6
(080)43901222 费用为： 6.4
90357 25284 费用为： 6.300000000000001
93414 19669 费用为： 6.3
(0821)3257740 费用为： 6.3
90089 69682 费用为： 6.2
(080)27498339 费用为： 5.699999999999999
1408371942 费用为： 5.55
98445 71741 费用为： 5.25
1402316533 费用为： 5.25
90351 90193 费用为： 5.000000000000001
(080)31863188 费用为： 5.0
(080)47999451 费用为： 4.95
90368 95100 费用为： 4.949999999999999
94495 03761 费用为： 4.949999999999999
(0821)2135265 费用为： 4.8
(080)25820765 费用为： 4.700000000000001
(044)22020822 费用为： 4.6499999999999995
(080)64015211 费用为： 4.6499999999999995
89071 32787 费用为： 4.6499999999999995
(080)69887826 费用为： 4.6000000000000005
84313 45689 费用为： 4.6
94491 05266 费用为： 4.6
99617 25274 费用为： 4.5
83019 53227 费用为： 4.400000000000001
97414 35000 费用为： 4.4
1401747654 费用为： 4.2
1409668775 费用为： 4.2
93435 31225 费用为： 4.100000000000001
90354 08732 费用为： 4.100000000000001
(044)45838604 费用为： 4.0
(011)21017178 费用为： 3.9
1407539117 费用为： 3.8999999999999995
1400481538 费用为： 3.8999999999999995
(022)65548497 费用为： 3.8
(080)64047472 费用为： 3.6999999999999997
97414 62027 费用为： 3.6000000000000005
(080)65275591 费用为： 3.3000000000000003
(044)20550065 费用为： 3.0
1404787681 费用为： 2.8499999999999996
(080)67426410 费用为： 2.8000000000000003
(080)33277651 费用为： 2.55
83013 02552 费用为： 2.4000000000000004
78130 36804 费用为： 2.4
94005 06213 费用为： 2.2000000000000006
97407 84573 费用为： 2.2
(022)37572285 费用为： 2.1
97404 30456 费用为： 2.0999999999999996
1403072432 费用为： 2.0999999999999996
1403579926 费用为： 1.95
(080)43206415 费用为： 1.9499999999999997
74298 18325 费用为： 1.9499999999999997
84319 42810 费用为： 1.7000000000000002
1404073047 费用为： 1.65
1409421631 费用为： 1.65
98443 72004 费用为： 1.5
87144 55014 费用为： 1.5
87146 58071 费用为： 1.4000000000000001
97428 35959 费用为： 1.4000000000000001
(0471)2171438 费用为： 1.3499999999999999
1408672243 费用为： 1.2
(040)30429041 费用为： 1.0
(022)32517986 费用为： 0.9
92426 65661 费用为： 0.8999999999999999
89076 07067 费用为： 0.7
(080)40395498 费用为： 0.6000000000000001
1408409918 费用为： 0.6
78291 94593 费用为： 0.6
(022)29303640 费用为： 0.44999999999999996
(0821)3774599 费用为： 0.3
1404368883 费用为： 0.3
97418 59299 费用为： 0.3
(080)33118033 费用为： 0.15
