600012
600020
600033
600035
600054
600055
600057
600059
600063
600067
600069
600072
600075
600076
600084
600090
600093
600096
600103
600105
600106
600108
600110
600114
600116
600123
600129
600130
600132
600133
600136
600146
600162
600165
600172
600173
600175
600180
600185
600197
600200
600206
600207
600210
600211
600217
600226
600227
600230
600231
600239
600246
600252
600255
600261
600269
600273
600278
600279
600283
600285
600290
600295
600300
600303
600305
600308
600310
600318
600320
600322
600323
600326
600330
600331
600337
600343
600360
600363
600381
600382
600391
600400
600420
600422
600446
600449
600456
600459
600467
600477
600480
600486
600490
600491
600495
600501
600502
600508
600512
600523
600526
600529
600531
600533
600546
600550
600552
600559
600562
600568
600569
600571
600577
600581
600590
600595
600596
600602
600604
600612
600616
600619
600621
600622
600624
600626
600630
600638
600641
600650
600652
600661
600662
600667
600668
600675
600676
600677
600681
600684
600686
600693
600702
600707
600708
600711
600715
600720
600728
600734
600740
600742
600745
600756
600758
600763
600764
600771
600781
600783
600789
600797
600798
600800
600803
600812
600814
600818
600828
600845
600846
600851
600855
600856
600868
600873
600876
600929
600933
600963
600966
600985
600986
600987
600988
600990
600995
600997
601011
601015
601038
601058
601069
601101
601113
601116
601126
601137
601139
601163
601222
601330
601366
601369
601375
601388
601500
601566
601588
601595
601599
601619
601636
601666
601677
601700
601789
601799
601858
601882
601886
601890
601900
601908
601918
601929
601949
601952
603003
603008
603010
603013
603026
603039
603043
603055
603058
603063
603081
603096
603098
603103
603105
603108
603111
603113
603118
603126
603128
603165
603180
603218
603258
603277
603298
603299
603303
603305
603308
603313
603323
603337
603338
603339
603345
603348
603357
603358
603359
603363
603367
603368
603385
603387
603393
603399
603421
603456
603458
603466
603508
603517
603533
603555
603557
603579
603587
603588
603595
603596
603599
603603
603605
603609
603612
603618
603619
603626
603636
603638
603648
603660
603666
603676
603678
603680
603686
603693
603699
603707
603708
603711
603718
603727
603728
603730
603733
603758
603773
603777
603779
603801
603803
603808
603817
603839
603843
603848
603861
603876
603881
603882
603896
603898
603900
603919
603920
603939
603959
603979
603980
603989
603996
603997
603999
000011
000016
000018
000030
000034
000035
000036
000038
000040
000043
000055
000056
000058
000059
000065
000070
000088
000150
000151
000155
000301
000404
000407
000429
000498
000506
000507
000514
000516
000517
000520
000525
000532
000533
000544
000545
000546
000550
000555
000558
000560
000561
000571
000576
000582
000584
000591
000592
000601
000603
000615
000620
000626
000631
000639
000650
000657
000665
000666
000672
000673
000676
000683
000687
000688
000697
000700
000701
000710
000711
000722
000731
000733
000735
000739
000751
000789
000791
000793
000795
000796
000797
000799
000800
000801
000802
000810
000811
000815
000818
000820
000821
000822
000828
000831
000836
000837
000838
000851
000869
000875
000881
000882
000883
000885
000889
000892
000901
000902
000905
000910
000913
000915
000917
000918
000921
000923
000925
000927
000928
000933
000935
000936
000951
000957
000958
000965
000967
000968
000971
000973
000976
000977
000989
000996
001896
002003
002005
002016
002020
002022
002023
002025
002031
002033
002035
002036
002042
002043
002047
002053
002055
002060
002061
002067
002068
002071
002073
002079
002080
002086
002089
002091
002094
002095
002097
002099
002101
002104
002108
002113
002115
002117
002121
002124
002126
002130
002135
002137
002138
002139
002141
002143
002145
002148
002151
002156
002157
002158
002166
002167
002168
002171
002178
002182
002185
002192
002196
002197
002203
002204
002206
002210
002215
002218
002219
002222
002224
002226
002229
002232
002234
002235
002237
002239
002240
002245
002246
002247
002253
002256
002258
002261
002262
002267
002279
002283
002284
002287
002292
002293
002298
002301
002303
002305
002307
002309
002313
002314
002318
002320
002321
002322
002326
002327
002329
002335
002341
002343
002346
002349
002351
002355
002356
002362
002364
002367
002370
002376
002377
002378
002382
002383
002387
002388
002389
002393
002396
002401
002402
002409
002413
002418
002419
002421
002425
002428
002429
002430
002432
002433
002436
002443
002446
002447
002448
002449
002451
002453
002458
002461
002462
002464
002467
002474
002481
002484
002485
002488
002497
002501
002502
002510
002511
002515
002516
002518
002519
002521
002522
002530
002531
002534
002537
002538
002539
002540
002542
002543
002545
002547
002550
002554
002556
002557
002562
002564
002567
002568
002574
002577
002581
002582
002584
002585
002586
002590
002596
002597
002605
002609
002610
002611
002614
002616
002617
002618
002619
002622
002626
002630
002631
002636
002638
002643
002647
002648
002649
002650
002651
002653
002656
002657
002658
002662
002664
002668
002675
002677
002685
002695
002697
002698
002703
002705
002711
002712
002716
002717
002721
002726
002727
002733
002737
002742
002746
002747
002751
002752
002756
002759
002766
002768
002769
002772
002781
002782
002788
002792
002801
002812
002821
002822
002833
002840
002850
002851
002852
002859
002867
002872
002895
002901
002906
002907
002911
002912
002918
002928
002929
002930
300005
300006
300007
300008
300009
300011
300012
300014
300016
300020
300021
300031
300034
300036
300037
300038
300039
300044
300045
300047
300048
300050
300053
300054
300061
300064
300065
300066
300068
300073
300075
300077
300078
300079
300083
300085
300091
300096
300097
300098
300100
300101
300102
300109
300110
300114
300118
300123
300128
300130
300131
300137
300140
300143
300145
300148
300149
300157
300158
300160
300170
300171
300172
300173
300176
300177
300178
300180
300183
300184
300185
300188
300191
300194
300198
300203
300205
300207
300208
300209
300212
300213
300215
300219
300221
300222
300223
300224
300226
300228
300229
300231
300232
300233
300236
300237
300238
300242
300245
300248
300252
300255
300256
300262
300263
300269
300271
300276
300278
300284
300285
300288
300292
300294
300298
300299
300300
300302
300303
300304
300307
300309
300310
300311
300317
300322
300323
300326
300328
300332
300336
300339
300343
300348
300349
300350
300352
300353
300355
300357
300359
300362
300363
300364
300365
300366
300367
300368
300369
300373
300377
300378
300379
300386
300388
300393
300398
300406
300409
300410
300424
300426
300429
300431
300432
300438
300439
300440
300441
300447
300451
300456
300457
300458
300463
300465
300467
300468
300471
300474
300476
300477
300482
300484
300485
300494
300495
300496
300497
300502
300504
300506
300511
300512
300516
300518
300520
300523
300527
300528
300529
300531
300533
300558
300567
300568
300595
300601
300602
300607
300613
300616
300618
300624
300625
300628
300630
300633
300634
300660
300661
300664
300666
300679
300682
300685
300699
300725
300726
300735
300737
300741
300747